<?xml version="1.0"?>
<opencv_storage>
<saved_matrix type_id="opencv-matrix">
  <rows>3</rows>
  <cols>3</cols>
  <dt>d</dt>
  <data>
    9.9272243942220029e-01 -2.5545367377532383e-02
    1.1768409745353986e-01 2.4366973225244084e-02 9.9963758324740803e-01
    1.1441328236867452e-02 -1.1793372519047546e-01
    -8.4904614040192238e-03 9.9298512531048500e-01</data></saved_matrix>
</opencv_storage>
